id	clid
1	1
2	2
3	3
4	4
5	5
6	6
7	7
8	5
9	8
10	1
11	6
12	1
13	4
14	6
15	6
16	8
17	9
18	8
19	6
20	6
21	1
22	5
23	2
24	6
25	4
26	2
27	5
28	9
29	1
30	6
31	9
32	1
33	9
34	1
35	9
36	5
37	9
38	7
39	1
40	8
41	9
42	10
43	4
44	9
45	8
46	5
47	3
48	7
49	8
50	5
51	1
52	5
53	9
54	9
55	7
56	10
57	7
58	1
59	8
60	3
61	1
62	4
63	1
64	6
65	9
66	8
67	7
68	1
69	6
70	6
71	7
72	8
73	4
74	8
75	8
76	7
77	6
78	8
79	7
80	5
81	7
82	7
83	6
84	4
85	4
86	5
87	5
88	6
89	9
90	8
91	3
92	4
93	1
94	6
95	10
96	5
97	7
98	9
99	9
100	1
101	10
102	9
103	5
104	4
105	7
106	3
107	3
108	4
109	8
110	9
111	4
112	8
113	7
114	1
115	1
116	6
117	4
118	8
119	6
120	10
121	4
122	2
123	5
124	7
125	5
126	9
127	6
128	6
129	7
130	6
131	6
132	9
133	6
134	10
135	4
136	1
137	7
138	6
139	3
140	5
141	8
142	5
143	9
144	6
145	1
146	5
147	9
148	6
149	8
150	7
151	1
152	6
153	6
154	1
155	1
156	1
157	8
158	5
159	10
160	8
161	6
162	4
163	1
164	6
165	1
166	9
167	7
168	8
169	10
170	5
171	8
172	6
173	5
174	1
175	7
176	2
177	7
178	8
179	2
180	10
181	4
182	5
183	1
184	9
185	8
186	10
187	7
188	8
189	3
190	9
191	4
192	8
193	5
194	8
195	9
196	1
197	1
198	10
199	9
200	10
201	7
202	8
203	1
204	6
205	4
206	10
207	5
208	10
209	5
210	10
211	5
212	6
213	8
214	2
215	4
216	9
217	10
218	10
219	3
220	5
221	9
222	6
223	6
224	5
225	3
226	9
227	8
228	4
229	7
230	3
231	6
232	10
233	4
234	5
235	9
236	4
237	9
238	7
239	3
240	6
241	7
242	9
243	5
244	5
245	7
246	10
247	9
248	10
249	5
250	5
251	3
252	8
253	6
254	2
255	6
256	6
257	10
258	4
259	10
260	1
261	6
262	5
263	6
264	5
265	3
266	8
267	7
268	4
269	6
270	6
271	10
272	9
273	7
274	5
275	9
276	9
277	6
278	4
279	3
280	4
281	9
282	6
283	6
284	8
285	5
286	7
287	2
288	9
289	10
290	2
291	8
292	5
293	10
294	2
295	9
296	7
297	6
298	6
299	1
300	2
301	3
302	9
303	10
304	6
305	8
306	6
307	6
308	1
309	4
310	9
311	2
312	1
313	1
314	3
315	5
316	4
317	6
318	6
319	2
320	6
321	1
322	4
323	6
324	10
325	2
326	4
327	1
328	5
329	9
330	9
331	4
332	5
333	9
334	4
335	4
336	3
337	5
338	8
339	8
340	1
341	1
342	3
343	6
344	6
345	9
346	5
347	2
348	5
349	5
350	3
351	7
352	1
353	3
354	8
355	1
356	1
357	5
358	6
359	9
360	10
361	2
362	9
363	9
364	2
365	7
366	6
367	3
368	5
369	2
370	8
371	6
372	6
373	9
374	7
375	10
376	4
377	7
378	9
379	9
380	6
381	9
382	9
383	7
384	3
385	1
386	6
387	2
388	6
389	6
390	3
391	1
392	2
393	10
394	1
395	1
396	7
397	9
398	1
399	7
400	8
401	1
402	8
403	2
404	4
405	6
406	10
407	3
408	5
409	9
410	1
411	1
412	5
413	5
414	1
415	4
416	9
417	6
418	9
419	4
420	8
421	1
422	9
423	9
424	8
425	10
426	3
427	3
428	8
429	3
430	10
431	3
432	6
433	8
434	8
435	6
436	2
437	5
438	4
439	9
440	5
441	8
442	6
443	5
444	1
445	1
446	9
447	6
448	6
449	5
450	10
451	5
452	9
453	6
454	1
455	1
456	3
457	6
458	5
459	7
460	4
461	1
462	1
463	2
464	1
465	9
466	8
467	9
468	5
469	2
470	7
471	1
472	4
473	5
474	5
475	5
476	5
477	3
478	9
479	2
480	9
481	4
482	9
483	5
484	3
485	5
486	6
487	3
488	8
489	3
490	2
491	6
492	5
493	5
494	10
495	10
496	1
497	6
498	7
499	7
500	5
501	5
502	5
503	1
504	6
505	4
506	1
507	3
508	9
509	6
510	3
511	3
512	9
513	9
514	9
515	2
516	4
517	6
518	6
519	5
520	8
521	4
522	4
523	3
524	7
525	7
526	2
527	3
528	6
529	1
530	7
531	9
532	4
533	6
534	5
535	1
536	6
537	9
538	9
539	5
540	8
541	8
542	9
543	3
544	8
545	4
546	5
547	9
548	3
549	4
550	6
551	6
552	3
553	2
554	1
555	8
556	9
557	3
558	9
559	6
560	6
561	7
562	6
563	10
564	9
565	8
566	9
567	8
568	1
569	5
570	6
571	1
572	1
573	3
574	4
575	3
576	1
577	8
578	1
579	5
580	2
581	8
582	7
583	6
584	3
585	7
586	6
587	6
588	7
589	1
590	10
591	5
592	6
593	7
594	9
595	1
596	8
597	8
598	8
599	4
600	4
601	9
602	6
603	5
604	5
605	6
606	4
607	5
608	9
609	5
610	10
611	9
612	8
613	2
614	7
615	3
616	8
617	3
618	7
619	6
620	3
621	8
622	1
623	8
624	6
625	7
626	2
627	4
628	8
629	6
630	4
631	4
632	8
633	3
634	9
635	8
636	9
637	5
638	5
639	7
640	3
641	8
642	6
643	7
644	8
645	5
646	8
647	3
648	9
649	5
650	10
651	2
652	6
653	4
654	6
655	10
656	6
657	9
658	6
659	8
660	4
661	3
662	3
663	9
664	10
665	10
666	3
667	8
668	8
669	1
670	1
671	5
672	5
673	7
674	6
675	7
676	9
677	9
678	1
679	5
680	8
681	6
682	5
683	3
684	6
685	9
686	6
687	4
688	6
689	3
690	2
691	1
692	8
693	7
694	6
695	9
696	6
697	6
698	7
699	6
700	4
701	4
702	4
703	2
704	6
705	4
706	3
707	1
708	7
709	3
710	6
711	8
712	3
713	8
714	10
715	1
716	10
717	1
718	7
719	3
720	10
721	8
722	9
723	6
724	7
725	10
726	5
727	10
728	4
729	5
730	1
731	8
732	5
733	9
734	10
735	7
736	4
737	7
738	4
739	3
740	10
741	8
742	6
743	8
744	9
745	7
746	8
747	8
748	8
749	1
750	1
751	7
752	5
753	3
754	5
755	1
756	3
757	5
758	6
759	5
760	8
761	8
762	3
763	4
764	7
765	9
766	9
767	6
768	8
769	8
770	8
771	6
772	4
773	5
774	8
775	5
776	1
777	7
778	3
779	8
780	7
781	4
782	5
783	8
784	6
785	4
786	1
787	4
788	1
789	1
790	2
791	1
792	4
793	6
794	8
795	6
796	5
797	6
798	4
799	2
800	1
801	1
802	5
803	1
804	3
805	5
806	5
807	9
808	1
809	6
810	3
811	4
812	5
813	7
814	6
815	8
816	6
817	9
818	4
819	2
820	9
821	7
822	5
823	8
824	4
825	9
826	8
827	7
828	3
829	6
830	1
831	9
832	7
833	4
834	8
835	9
836	1
837	3
838	3
839	5
840	6
841	1
842	6
843	9
844	8
845	6
846	2
847	4
848	5
849	6
850	8
851	9
852	8
853	10
854	3
855	8
856	6
857	6
858	9
859	5
860	1
861	9
862	4
863	2
864	6
865	8
866	6
867	5
868	4
869	4
870	8
871	1
872	1
873	1
874	1
875	1
876	5
877	5
878	10
879	3
880	9
881	1
882	4
883	9
884	7
885	9
886	4
887	9
888	4
889	7
890	6
891	3
892	3
893	9
894	7
895	8
896	8
897	9
898	6
899	6
900	6
901	4
902	6
903	1
904	2
905	4
906	3
907	3
908	4
909	3
910	4
911	10
912	1
913	6
914	6
915	4
916	1
917	10
918	10
919	9
920	1
921	1
922	1
923	7
924	4
925	6
926	9
927	8
928	8
929	5
930	1
931	4
932	1
933	4
934	4
935	4
936	6
937	5
938	9
939	6
940	6
941	10
942	8
943	8
944	2
945	6
946	1
947	3
948	5
949	1
950	6
951	1
952	3
953	1
954	6
955	8
956	6
957	6
958	2
959	10
960	4
961	1
962	8
963	6
964	6
965	10
966	9
967	4
968	8
969	9
970	7
971	7
972	5
973	9
974	2
975	9
976	8
977	7
978	3
979	6
980	3
981	3
982	4
983	1
984	2
985	3
986	1
987	2
988	6
989	7
990	6
991	6
992	9
993	7
994	10
995	1
996	9
997	2
998	6
999	6
1000	7
1001	3
1002	8
1003	5
1004	10
1005	6
1006	2
1007	7
1008	9
1009	1
1010	8
1011	3
1012	9
1013	4
1014	1
1015	9
1016	5
1017	1
1018	7
1019	9
1020	7
1021	1
1022	6
1023	6
1024	6
1025	1
1026	9
1027	2
1028	6
1029	9
1030	7
1031	6
1032	5
1033	1
1034	2
1035	1
1036	9
1037	9
1038	1
1039	7
1040	8
1041	7
1042	6
1043	8
1044	8
1045	6
1046	8
1047	8
1048	4
1049	7
1050	2
1051	9
1052	7
1053	5
1054	2
1055	4
1056	8
1057	2
1058	1
1059	6
1060	8
1061	3
1062	6
1063	8
1064	4
1065	1
1066	5
1067	4
1068	9
1069	7
1070	2
1071	3
1072	3
1073	5
1074	7
1075	3
1076	5
1077	4
1078	6
1079	1
1080	6
1081	2
1082	1
1083	6
1084	8
1085	6
1086	9
1087	5
1088	10
1089	9
1090	9
1091	7
1092	10
1093	2
1094	3
1095	9
1096	2
1097	9
1098	8
1099	5
1100	3
1101	5
1102	6
1103	8
1104	6
1105	5
1106	3
1107	2
1108	7
1109	4
1110	8
1111	6
1112	2
1113	1
1114	9
1115	5
1116	5
1117	3
1118	8
1119	7
1120	7
1121	2
1122	3
1123	6
1124	10
1125	5
1126	9
1127	4
1128	1
1129	3
1130	2
1131	9
1132	6
1133	2
1134	8
1135	5
1136	5
1137	4
1138	4
1139	4
1140	4
1141	6
1142	10
1143	3
1144	5
1145	10
1146	5
1147	6
1148	5
1149	5
1150	10
1151	6
1152	3
1153	9
1154	8
1155	5
1156	3
1157	8
1158	6
1159	8
1160	5
1161	9
1162	9
1163	2
1164	7
1165	4
1166	1
1167	7
1168	10
1169	5
1170	3
1171	3
1172	6
1173	6
1174	6
1175	6
1176	6
1177	7
1178	8
1179	4
1180	5
1181	5
1182	3
1183	10
1184	1
1185	3
1186	5
1187	1
1188	9
1189	3
1190	3
1191	6
1192	10
1193	9
1194	7
1195	8
1196	8
1197	7
1198	4
1199	10
1200	6
1201	9
1202	5
1203	6
1204	8
1205	4
1206	6
1207	1
1208	5
1209	1
1210	6
1211	1
1212	1
1213	8
1214	6
1215	6
1216	3
1217	1
1218	4
1219	10
1220	9
1221	5
1222	6
1223	6
1224	10
1225	6
1226	6
1227	4
1228	6
1229	10
1230	5
1231	6
1232	9
1233	5
1234	1
1235	6
1236	1
1237	7
1238	7
1239	1
1240	9
1241	7
1242	1
1243	3
1244	6
1245	7
1246	2
1247	10
1248	6
1249	7
1250	3
1251	5
1252	3
1253	2
1254	6
1255	9
1256	1
1257	4
1258	3
1259	3
1260	9
1261	10
1262	1
1263	3
1264	3
1265	9
1266	1
1267	6
1268	6
1269	9
1270	5
1271	8
1272	7
1273	7
1274	9
1275	9
1276	2
1277	8
1278	7
1279	2
1280	7
1281	5
1282	6
1283	5
1284	2
1285	6
1286	10
1287	8
1288	7
1289	9
1290	8
1291	6
1292	7
1293	2
1294	5
1295	9
1296	2
1297	2
1298	2
1299	5
1300	6
1301	7
1302	9
1303	5
1304	6
1305	7
1306	3
1307	7
1308	2
1309	4
1310	9
1311	6
1312	1
1313	5
1314	8
1315	2
1316	4
1317	7
1318	6
1319	8
1320	5
1321	8
1322	9
1323	7
1324	9
1325	1
1326	4
1327	5
1328	1
1329	5
1330	9
1331	6
1332	6
1333	6
1334	9
1335	9
1336	1
1337	6
1338	9
1339	7
1340	6
1341	1
1342	5
1343	6
1344	10
1345	4
1346	1
1347	6
1348	2
1349	5
1350	9
1351	4
1352	9
1353	9
1354	1
1355	8
1356	6
1357	6
1358	1
1359	3
1360	6
1361	1
1362	4
1363	6
1364	3
1365	7
1366	6
1367	6
1368	8
1369	4
1370	1
1371	6
1372	8
1373	6
1374	3
1375	10
1376	1
1377	4
1378	1
1379	8
1380	9
1381	6
1382	3
1383	2
1384	4
1385	1
1386	8
1387	9
1388	4
1389	2
1390	10
1391	9
1392	7
1393	8
1394	5
1395	4
1396	9
1397	1
1398	5
1399	8
1400	1
1401	5
1402	4
1403	1
1404	1
1405	7
1406	10
1407	4
1408	9
1409	5
1410	5
1411	8
1412	5
1413	3
1414	5
1415	9
1416	8
1417	2
1418	9
1419	6
1420	1
1421	9
1422	9
1423	6
1424	9
1425	4
1426	5
1427	7
1428	10
1429	3
1430	9
1431	7
1432	6
1433	3
1434	5
1435	9
1436	5
1437	7
1438	9
1439	9
1440	1
1441	8
1442	10
1443	9
1444	6
1445	7
1446	9
1447	8
1448	6
1449	9
1450	5
1451	1
1452	4
1453	10
1454	1
1455	1
1456	10
1457	6
1458	3
1459	4
1460	9
1461	5
1462	3
1463	6
1464	5
1465	7
1466	1
1467	6
1468	2
1469	6
1470	10
1471	6
1472	4
1473	4
1474	6
1475	9
1476	1
1477	9
1478	9
1479	5
1480	3
1481	7
1482	4
1483	1
1484	1
1485	1
1486	10
1487	6
1488	9
1489	1
1490	6
1491	1
1492	6
1493	1
1494	8
1495	6
1496	6
1497	5
1498	8
1499	6
1500	8
1501	1
1502	3
1503	6
1504	3
1505	5
1506	3
1507	8
1508	7
1509	8
1510	8
1511	9
1512	4
1513	5
1514	8
1515	8
1516	4
1517	2
1518	6
1519	8
1520	5
1521	6
1522	4
1523	8
1524	6
1525	5
1526	9
1527	9
1528	1
1529	6
1530	3
1531	5
1532	9
1533	3
1534	1
1535	9
1536	4
1537	6
1538	6
1539	7
1540	9
1541	9
1542	7
1543	9
1544	3
1545	7
1546	10
1547	9
1548	8
1549	6
1550	6
1551	10
1552	4
1553	8
1554	3
1555	10
1556	4
1557	5
1558	7
1559	8
1560	6
1561	6
1562	1
1563	8
1564	5
1565	1
1566	4
1567	6
1568	7
1569	3
1570	9
1571	6
1572	8
1573	9
1574	5
1575	5
1576	6
1577	6
1578	6
1579	6
1580	4
1581	9
1582	6
1583	6
1584	10
1585	6
1586	7
1587	1
1588	8
1589	1
1590	8
1591	8
1592	3
1593	9
1594	3
1595	7
1596	8
1597	6
1598	1
1599	7
1600	9
1601	5
1602	4
1603	4
1604	2
1605	9
1606	8
1607	4
1608	5
1609	1
1610	9
1611	10
1612	6
1613	2
1614	4
1615	6
1616	2
1617	5
1618	7
1619	1
1620	8
1621	5
1622	3
1623	3
1624	1
1625	4
1626	6
1627	1
1628	6
1629	8
1630	2
1631	9
1632	5
1633	3
1634	6
1635	6
1636	6
1637	8
1638	3
1639	5
1640	1
1641	1
1642	8
1643	6
1644	8
1645	1
1646	5
1647	9
1648	6
1649	7
1650	4
1651	4
1652	7
1653	8
1654	5
1655	4
1656	1
1657	4
1658	7
1659	5
1660	6
1661	6
1662	8
1663	5
1664	3
1665	10
1666	2
1667	5
1668	8
1669	3
1670	10
1671	6
1672	1
1673	8
1674	10
1675	2
1676	9
1677	6
1678	1
1679	7
1680	4
1681	2
1682	2
1683	6
1684	8
1685	6
1686	9
1687	9
1688	8
1689	5
1690	10
1691	4
1692	2
1693	1
1694	4
1695	10
1696	6
1697	2
1698	6
1699	6
1700	5
1701	6
1702	4
1703	5
1704	3
1705	8
1706	1
1707	2
1708	4
1709	4
1710	3
1711	6
1712	7
1713	9
1714	8
1715	5
1716	7
1717	5
1718	1
1719	6
1720	8
1721	6
1722	6
1723	8
1724	8
1725	1
1726	8
1727	5
1728	4
1729	6
1730	9
1731	1
1732	10
1733	7
1734	9
1735	1
1736	2
1737	3
1738	9
1739	10
1740	5
1741	2
1742	9
1743	9
1744	3
1745	4
1746	5
1747	7
1748	8
1749	4
1750	5
1751	3
1752	7
1753	8
1754	1
1755	6
1756	7
1757	7
1758	8
1759	7
1760	5
1761	8
1762	7
1763	1
1764	4
1765	9
1766	3
1767	1
1768	3
1769	10
1770	1
1771	8
1772	2
1773	3
1774	4
1775	4
1776	6
1777	1
1778	3
1779	3
1780	7
1781	3
1782	1
1783	5
1784	1
1785	8
1786	8
1787	1
1788	10
1789	5
1790	3
1791	4
1792	3
1793	9
1794	7
1795	6
1796	5
1797	6
1798	8
1799	3
1800	4
1801	4
1802	4
1803	4
1804	4
1805	1
1806	5
1807	5
1808	2
1809	5
1810	9
1811	9
1812	9
1813	9
1814	1
1815	3
1816	3
1817	8
1818	9
1819	5
1820	4
1821	3
1822	10
1823	7
1824	8
1825	6
1826	10
1827	6
1828	9
1829	6
1830	4
1831	1
1832	2
1833	7
1834	5
1835	8
1836	8
1837	5
1838	4
1839	1
1840	5
1841	9
1842	3
1843	8
1844	9
1845	2
1846	8
1847	2
1848	4
1849	6
1850	6
1851	3
1852	6
1853	3
1854	4
1855	6
1856	8
1857	5
1858	7
1859	10
1860	5
1861	9
1862	10
1863	1
1864	1
1865	2
1866	10
1867	8
1868	7
1869	7
1870	8
1871	9
1872	2
1873	6
1874	5
1875	6
1876	9
1877	5
1878	6
1879	1
1880	1
1881	5
1882	1
1883	9
1884	6
1885	4
1886	5
1887	6
1888	5
1889	4
1890	5
1891	8
1892	7
1893	6
1894	1
1895	10
1896	3
1897	3
1898	8
1899	4
1900	8
1901	5
1902	6
1903	1
1904	4
1905	9
1906	9
1907	1
1908	1
1909	6
1910	10
1911	1
1912	1
1913	6
1914	4
1915	1
1916	9
1917	1
1918	3
1919	8
1920	8
1921	7
1922	5
1923	6
1924	9
1925	4
1926	3
1927	4
1928	5
1929	8
1930	2
1931	5
1932	4
1933	6
1934	6
1935	7
1936	1
1937	9
1938	1
1939	1
1940	8
1941	2
1942	2
1943	8
1944	10
1945	7
1946	7
1947	6
1948	10
1949	9
1950	1
1951	4
1952	5
1953	10
1954	8
1955	1
1956	9
1957	4
1958	4
1959	6
1960	8
1961	6
1962	1
1963	9
1964	3
1965	6
1966	9
1967	6
1968	8
1969	7
1970	9
1971	4
1972	6
1973	5
1974	10
1975	1
1976	4
1977	6
1978	7
1979	6
1980	9
1981	5
1982	1
1983	1
1984	4
1985	6
1986	6
1987	8
1988	8
1989	6
1990	10
1991	7
1992	5
1993	3
1994	6
1995	1
1996	8
1997	5
1998	7
1999	5
2000	5
2001	1
2002	6
2003	3
2004	5
2005	1
2006	9
2007	1
2008	8
2009	5
2010	5
2011	8
2012	9
2013	5
2014	6
2015	6
2016	7
2017	2
2018	4
2019	5
2020	1
2021	8
2022	4
2023	9
2024	6
2025	1
2026	5
2027	6
2028	3
2029	4
2030	7
2031	8
2032	6
2033	4
2034	10
2035	9
2036	6
2037	6
2038	9
2039	3
2040	7
2041	4
2042	4
2043	4
2044	8
2045	8
2046	9
2047	7
2048	8
2049	6
2050	7
2051	5
2052	9
2053	8
2054	9
2055	1
2056	8
2057	8
2058	3
2059	7
2060	6
2061	9
2062	10
2063	5
2064	7
2065	6
2066	5
2067	1
2068	8
2069	1
2070	4
2071	8
2072	9
2073	8
2074	6
2075	8
2076	3
2077	2
2078	9
2079	1
2080	4
2081	8
2082	3
2083	1
2084	9
2085	5
2086	7
2087	8
2088	6
2089	7
2090	10
2091	10
2092	1
2093	1
2094	4
2095	8
2096	9
2097	9
2098	3
2099	2
2100	9
2101	5
2102	4
2103	6
2104	4
2105	1
2106	9
2107	9
2108	8
2109	9
2110	9
2111	8
2112	5
2113	1
2114	6
2115	10
2116	6
2117	5
2118	5
2119	7
2120	6
2121	4
2122	6
2123	6
2124	4
2125	1
2126	8
2127	1
2128	3
2129	2
2130	5
2131	5
2132	6
2133	4
2134	1
2135	4
2136	2
2137	1
2138	9
2139	9
2140	1
2141	5
2142	3
2143	7
2144	8
2145	6
2146	7
2147	9
2148	5
2149	9
2150	4
2151	5
2152	8
2153	1
2154	4
2155	1
2156	6
2157	7
2158	9
2159	6
2160	6
2161	4
2162	4
2163	5
2164	9
2165	10
2166	1
2167	7
2168	4
2169	9
2170	8
2171	1
2172	5
2173	1
2174	7
2175	3
2176	4
2177	3
2178	6
2179	2
2180	4
2181	6
2182	2
2183	8
2184	7
2185	9
2186	4
2187	6
2188	2
2189	5
2190	8
2191	4
2192	7
2193	3
2194	6
2195	1
2196	9
2197	5
2198	5
2199	5
2200	7
2201	4
2202	10
2203	7
2204	7
2205	4
2206	9
2207	8
2208	7
2209	6
2210	4
2211	1
2212	3
2213	4
2214	3
2215	10
2216	9
2217	6
2218	4
2219	1
2220	9
2221	4
2222	5
2223	6
2224	4
2225	6
2226	2
2227	6
2228	10
2229	9
2230	9
2231	9
2232	2
2233	7
2234	3
2235	3
2236	4
2237	6
2238	3
2239	3
2240	5
2241	6
2242	6
2243	5
2244	1
2245	8
2246	9
2247	9
2248	1
2249	1
2250	6
2251	3
2252	2
2253	1
2254	4
2255	6
2256	8
2257	8
2258	4
2259	9
2260	3
2261	7
2262	5
2263	8
2264	10
2265	1
2266	9
2267	9
2268	3
2269	6
2270	7
2271	7
2272	4
2273	7
2274	8
2275	7
2276	6
2277	6
2278	4
2279	8
2280	9
2281	8
2282	3
2283	2
2284	3
2285	9
2286	2
2287	4
2288	8
2289	5
2290	7
2291	1
2292	9
2293	6
2294	9
2295	5
2296	2
2297	2
2298	1
2299	7
2300	9
2301	2
2302	6
2303	10
2304	3
2305	9
2306	1
2307	3
2308	8
2309	5
2310	2
2311	7
2312	4
2313	5
2314	4
2315	9
2316	8
2317	7
2318	7
2319	10
2320	8
2321	9
2322	3
2323	3
2324	7
2325	5
2326	8
2327	7
2328	3
2329	6
2330	7
2331	6
2332	5
2333	9
2334	5
2335	8
2336	3
2337	7
2338	7
2339	5
2340	5
2341	7
2342	7
2343	3
2344	10
2345	4
2346	6
2347	1
2348	1
2349	7
2350	8
2351	5
2352	5
2353	1
2354	6
2355	5
2356	6
2357	6
2358	6
2359	4
2360	6
2361	8
2362	6
2363	10
2364	9
2365	1
2366	8
2367	8
2368	2
2369	6
2370	6
2371	10
2372	7
2373	8
2374	8
2375	1
2376	4
2377	7
2378	6
2379	3
2380	8
2381	7
2382	8
2383	6
2384	1
2385	5
2386	1
2387	5
2388	4
2389	10
2390	9
2391	9
2392	6
2393	6
2394	6
2395	3
2396	1
2397	10
2398	6
2399	8
2400	4
2401	9
2402	8
2403	9
2404	5
2405	9
2406	6
2407	7
2408	6
2409	9
2410	5
2411	6
2412	5
2413	7
2414	4
2415	8
2416	6
2417	4
2418	5
2419	9
2420	8
2421	6
2422	5
2423	6
2424	5
2425	9
2426	10
2427	6
2428	10
2429	2
2430	8
2431	9
2432	2
2433	5
2434	4
2435	8
2436	4
2437	2
2438	4
2439	6
2440	4
2441	7
2442	1
2443	4
2444	6
2445	1
2446	9
2447	7
2448	10
2449	9
2450	9
2451	9
2452	2
2453	10
2454	8
2455	5
2456	1
2457	6
2458	10
2459	9
2460	6
2461	1
2462	10
2463	3
2464	9
2465	8
2466	8
2467	10
2468	5
2469	9
2470	8
2471	9
2472	10
2473	5
2474	9
2475	6
2476	2
2477	1
2478	5
2479	7
2480	9
2481	5
2482	2
2483	7
2484	6
2485	8
2486	6
2487	8
2488	4
2489	4
2490	4
2491	6
2492	10
2493	10
2494	7
2495	9
2496	5
2497	9
2498	5
2499	10
2500	9
2501	7
2502	4
2503	2
2504	3
2505	4
2506	6
2507	8
2508	1
2509	6
2510	9
2511	8
2512	9
2513	1
2514	8
2515	1
2516	9
2517	8
2518	4
2519	9
2520	4
2521	3
2522	5
2523	1
2524	7
2525	6
2526	4
2527	8
2528	1
2529	6
2530	6
2531	7
2532	7
2533	7
2534	1
2535	8
2536	4
2537	8
2538	5
2539	4
2540	6
2541	6
2542	5
2543	5
2544	7
2545	6
2546	9
2547	8
2548	5
2549	1
2550	4
2551	4
2552	10
2553	1
2554	6
2555	4
2556	1
2557	1
2558	10
2559	2
2560	6
2561	6
2562	9
2563	6
2564	4
2565	1
2566	2
2567	1
2568	5
2569	4
2570	2
2571	7
2572	3
2573	10
2574	4
2575	1
2576	5
2577	4
2578	6
2579	9
2580	8
2581	6
2582	6
2583	1
2584	7
2585	8
2586	5
2587	9
2588	1
2589	5
2590	1
2591	9
2592	10
2593	1
2594	3
2595	5
2596	8
2597	6
2598	6
2599	10
2600	10
2601	6
2602	1
2603	6
2604	6
2605	8
2606	5
2607	4
2608	10
2609	1
2610	5
2611	9
2612	6
2613	4
2614	9
2615	6
2616	8
2617	5
2618	6
2619	8
2620	6
2621	6
2622	6
2623	5
2624	5
2625	9
2626	9
2627	8
2628	3
2629	4
2630	8
2631	6
2632	9
2633	9
2634	6
2635	2
2636	8
2637	2
2638	8
2639	6
2640	7
2641	3
2642	6
2643	10
2644	6
2645	6
2646	8
2647	5
2648	4
2649	6
2650	6
2651	4
2652	4
2653	9
2654	8
2655	3
2656	3
2657	1
2658	10
2659	8
2660	9
2661	6
2662	4
2663	5
2664	6
2665	5
2666	5
2667	6
2668	8
2669	7
2670	6
2671	3
2672	9
2673	6
2674	8
2675	3
2676	8
2677	5
2678	4
2679	2
2680	9
2681	3
2682	5
2683	1
2684	2
2685	9
2686	10
2687	4
2688	6
2689	3
2690	8
2691	1
2692	1
2693	8
2694	8
2695	9
2696	3
2697	8
2698	10
2699	1
2700	9
2701	1
2702	1
2703	3
2704	4
2705	5
2706	8
2707	8
2708	6
2709	9
2710	4
2711	6
2712	4
2713	3
2714	8
2715	6
2716	5
2717	2
2718	3
2719	6
2720	4
2721	4
2722	6
2723	10
2724	6
2725	6
2726	5
2727	8
2728	1
2729	10
2730	6
2731	3
2732	2
2733	4
2734	9
2735	9
2736	1
2737	1
2738	5
2739	7
2740	4
2741	8
2742	5
2743	10
2744	6
2745	5
2746	2
2747	9
2748	1
2749	6
2750	6
2751	1
2752	8
2753	10
2754	4
2755	1
2756	8
2757	5
2758	10
2759	10
2760	6
2761	6
2762	8
2763	3
2764	1
2765	6
2766	1
2767	7
2768	9
2769	3
2770	8
2771	8
2772	3
2773	4
2774	6
2775	8
2776	5
2777	9
2778	6
2779	4
2780	1
2781	9
2782	8
2783	6
2784	4
2785	6
2786	6
2787	8
2788	4
2789	8
2790	8
2791	5
2792	8
2793	6
2794	6
2795	3
2796	10
2797	6
2798	10
2799	4
2800	1
2801	9
2802	6
2803	9
2804	7
2805	8
2806	1
2807	9
2808	6
2809	4
2810	3
2811	7
2812	6
2813	8
2814	8
2815	10
2816	1
2817	4
2818	2
2819	8
2820	9
2821	7
2822	7
2823	10
2824	6
2825	9
2826	9
2827	6
2828	5
2829	6
2830	1
2831	4
2832	9
2833	10
2834	7
2835	9
2836	4
2837	1
2838	5
2839	6
2840	2
2841	9
2842	6
2843	10
2844	8
2845	10
2846	8
2847	6
2848	5
2849	9
2850	9
2851	7
2852	5
2853	5
2854	9
2855	1
2856	9
2857	9
2858	9
2859	8
2860	10
2861	9
2862	8
2863	6
2864	6
2865	4
2866	3
2867	9
2868	9
2869	1
2870	8
2871	6
2872	9
2873	4
2874	8
2875	4
2876	1
2877	3
2878	8
2879	5
2880	6
2881	10
2882	10
2883	10
2884	3
2885	8
2886	7
2887	8
2888	10
2889	6
2890	6
2891	1
2892	4
2893	6
2894	1
2895	9
2896	7
2897	3
2898	9
2899	1
2900	6
2901	9
2902	8
2903	6
2904	1
2905	1
2906	1
2907	7
2908	2
2909	1
2910	8
2911	2
2912	5
2913	9
2914	5
2915	6
2916	8
2917	9
2918	6
2919	6
2920	6
2921	8
2922	6
2923	4
2924	9
2925	4
2926	6
2927	6
2928	2
2929	4
2930	8
2931	4
2932	6
2933	4
2934	9
2935	3
2936	1
2937	8
2938	8
2939	5
2940	3
2941	6
2942	2
2943	4
2944	5
2945	4
2946	2
2947	1
2948	3
2949	8
2950	4
2951	6
2952	9
2953	6
2954	1
2955	2
2956	1
2957	6
2958	5
2959	1
2960	1
2961	5
2962	9
2963	1
2964	4
2965	4
2966	9
2967	7
2968	7
2969	1
2970	7
2971	8
2972	9
2973	6
2974	6
2975	7
2976	9
2977	9
2978	9
2979	7
2980	8
2981	2
2982	6
2983	1
2984	10
2985	1
2986	6
2987	9
2988	6
2989	3
2990	8
2991	6
2992	1
2993	9
2994	1
2995	9
2996	9
2997	9
2998	6
2999	5
3000	8
3001	4
3002	7
3003	9
3004	3
3005	9
3006	6
3007	3
3008	4
3009	3
3010	6
3011	6
3012	7
3013	6
3014	5
3015	1
3016	6
3017	5
3018	10
3019	3
3020	6
3021	6
3022	6
3023	4
3024	9
3025	6
3026	3
3027	1
3028	3
3029	8
3030	10
3031	6
3032	4
3033	5
3034	5
3035	10
3036	6
3037	1
3038	6
3039	2
3040	1
3041	9
3042	8
3043	10
3044	3
3045	5
3046	10
3047	3
3048	3
3049	6
3050	8
3051	7
3052	7
3053	8
3054	6
3055	9
3056	10
3057	9
3058	1
3059	9
3060	1
3061	9
3062	6
3063	5
3064	10
3065	5
3066	2
3067	8
3068	6
3069	2
3070	7
3071	4
3072	5
3073	6
3074	6
3075	10
3076	4
3077	5
3078	6
3079	1
3080	9
3081	1
3082	4
3083	8
3084	8
3085	8
3086	9
3087	5
3088	8
3089	7
3090	7
3091	7
3092	5
3093	8
3094	5
3095	7
3096	3
3097	9
3098	2
3099	7
3100	10
3101	1
3102	4
3103	8
3104	10
3105	5
3106	9
3107	1
3108	5
3109	1
3110	10
3111	8
3112	5
3113	6
3114	1
3115	10
3116	4
3117	6
3118	9
3119	6
3120	10
3121	5
3122	7
3123	10
3124	4
3125	10
3126	9
3127	8
3128	6
3129	3
3130	8
3131	6
3132	8
3133	4
3134	3
3135	5
3136	6
3137	7
3138	4
3139	6
3140	4
3141	2
3142	1
3143	8
3144	1
3145	10
3146	9
3147	5
3148	9
3149	4
3150	5
3151	7
3152	8
3153	1
3154	6
3155	3
3156	8
3157	8
3158	6
3159	7
3160	5
3161	5
3162	7
3163	6
3164	3
3165	1
3166	6
3167	3
3168	1
3169	10
3170	6
3171	7
3172	9
3173	8
3174	4
3175	7
3176	6
3177	7
3178	8
3179	7
3180	9
3181	7
3182	6
3183	1
3184	6
3185	10
3186	9
3187	1
3188	1
3189	8
3190	1
3191	1
3192	1
3193	7
3194	6
3195	4
3196	9
3197	9
3198	6
3199	4
3200	9
3201	3
3202	2
3203	9
3204	7
3205	2
3206	3
3207	5
3208	3
3209	3
3210	4
3211	9
3212	4
3213	9
3214	8
3215	6
3216	6
3217	8
3218	3
3219	10
3220	6
3221	5
3222	1
3223	5
3224	6
3225	6
3226	10
3227	4
3228	7
3229	1
3230	6
3231	2
3232	6
3233	4
3234	5
3235	4
3236	5
3237	6
3238	1
3239	9
3240	1
3241	6
3242	8
3243	6
3244	5
3245	9
3246	4
3247	9
3248	3
3249	3
3250	7
3251	5
3252	6
3253	4
3254	6
3255	9
3256	9
3257	1
3258	6
3259	5
3260	7
3261	5
3262	3
3263	8
3264	4
3265	4
3266	8
3267	2
3268	1
3269	5
3270	9
3271	7
3272	8
3273	9
3274	2
3275	5
3276	6
3277	4
3278	3
3279	6
3280	3
3281	5
3282	5
3283	5
3284	9
3285	1
3286	9
3287	2
3288	4
3289	7
3290	4
3291	8
3292	3
3293	5
3294	9
3295	3
3296	7
3297	6
3298	2
3299	4
3300	5
3301	7
3302	1
3303	6
3304	6
3305	7
3306	2
3307	9
3308	8
3309	6
3310	7
3311	2
3312	10
3313	7
3314	9
3315	8
3316	9
3317	5
3318	7
3319	8
3320	7
3321	5
3322	9
3323	6
3324	5
3325	9
3326	8
3327	9
3328	4
3329	7
3330	4
3331	6
3332	4
3333	9
3334	2
3335	10
3336	7
3337	4
3338	3
3339	7
3340	8
3341	9
3342	1
3343	4
3344	6
3345	3
3346	9
3347	5
3348	10
3349	4
3350	3
3351	9
3352	1
3353	3
3354	6
3355	6
3356	10
3357	8
3358	5
3359	9
3360	9
3361	6
3362	5
3363	3
3364	5
3365	6
3366	7
3367	5
3368	10
3369	5
3370	2
3371	1
3372	8
3373	1
3374	2
3375	6
3376	9
3377	9
3378	6
3379	10
3380	3
3381	5
3382	4
3383	6
3384	8
3385	4
3386	6
3387	9
3388	9
3389	9
3390	4
3391	8
3392	6
3393	8
3394	7
3395	4
3396	1
3397	6
3398	4
3399	9
3400	9
3401	1
3402	8
3403	1
3404	1
3405	4
3406	9
3407	4
3408	6
3409	5
3410	8
3411	9
3412	5
3413	4
3414	6
3415	3
3416	1
3417	1
3418	7
3419	9
3420	5
3421	6
3422	6
3423	2
3424	8
3425	2
3426	8
3427	6
3428	9
3429	6
3430	3
3431	5
3432	8
3433	3
3434	6
3435	2
3436	1
3437	1
3438	8
3439	1
3440	6
3441	6
3442	6
3443	9
3444	7
3445	6
3446	3
3447	4
3448	5
3449	10
3450	2
3451	9
3452	9
3453	6
3454	8
3455	8
3456	1
3457	3
3458	5
3459	7
3460	1
3461	9
3462	1
3463	2
3464	8
3465	7
3466	9
3467	9
3468	8
3469	4
3470	4
3471	3
3472	2
3473	7
3474	6
3475	3
3476	1
3477	6
3478	7
3479	1
3480	6
3481	1
3482	9
3483	8
3484	9
3485	6
3486	8
3487	5
3488	4
3489	3
3490	9
3491	4
3492	7
3493	8
3494	1
3495	2
3496	7
3497	6
3498	1
3499	1
3500	1
3501	10
3502	7
3503	4
3504	6
3505	4
3506	7
3507	5
3508	8
3509	6
3510	5
3511	6
3512	7
3513	8
3514	5
3515	6
3516	7
3517	9
3518	4
3519	1
3520	3
3521	3
3522	6
3523	4
3524	9
3525	1
3526	8
3527	5
3528	3
3529	5
3530	9
3531	6
3532	3
3533	6
3534	8
3535	9
3536	4
3537	1
3538	8
3539	1
3540	1
3541	7
3542	1
3543	7
3544	1
3545	8
3546	10
3547	6
3548	8
3549	1
3550	5
3551	10
3552	5
3553	10
3554	3
3555	5
3556	5
3557	6
3558	5
3559	4
3560	9
3561	2
3562	5
3563	7
3564	9
3565	6
3566	3
3567	6
3568	1
3569	6
3570	9
3571	10
3572	1
3573	3
3574	9
3575	6
3576	9
3577	10
3578	1
3579	8
3580	10
3581	6
3582	6
3583	9
3584	2
3585	8
3586	7
3587	1
3588	9
3589	9
3590	5
3591	3
3592	8
3593	10
3594	1
3595	5
3596	10
3597	6
3598	6
3599	3
3600	5
3601	6
3602	1
3603	1
3604	5
3605	6
3606	4
3607	8
3608	4
3609	1
3610	7
3611	6
3612	1
3613	8
3614	2
3615	3
3616	10
3617	5
3618	8
3619	9
3620	5
3621	3
3622	6
3623	10
3624	9
3625	1
3626	6
3627	6
3628	5
3629	2
3630	7
3631	6
3632	4
3633	3
3634	10
3635	2
3636	4
3637	7
3638	3
3639	7
3640	8
3641	6
3642	4
3643	6
3644	9
3645	2
3646	6
3647	6
3648	3
3649	3
3650	6
3651	1
3652	5
3653	8
3654	9
3655	6
3656	6
3657	5
3658	9
3659	7
3660	6
3661	3
3662	7
3663	9
3664	7
3665	6
3666	1
3667	1
3668	9
3669	4
3670	3
3671	8
3672	6
3673	1
3674	6
3675	7
3676	1
3677	6
3678	7
3679	6
3680	4
3681	2
3682	3
3683	7
3684	3
3685	7
3686	3
3687	3
3688	4
3689	1
3690	6
3691	6
3692	8
3693	6
3694	5
3695	6
3696	7
3697	2
3698	8
3699	3
3700	6
3701	1
3702	6
3703	9
3704	3
3705	8
3706	6
3707	2
3708	1
3709	3
3710	8
3711	6
3712	6
3713	1
3714	1
3715	6
3716	6
3717	5
3718	8
3719	9
3720	5
3721	6
3722	5
3723	8
3724	6
3725	1
3726	5
3727	4
3728	1
3729	5
3730	8
3731	6
3732	6
3733	5
3734	7
3735	1
3736	7
3737	1
3738	8
3739	4
3740	6
3741	4
3742	8
3743	9
3744	7
3745	5
3746	9
3747	9
3748	8
3749	6
3750	5
3751	8
3752	8
3753	6
3754	10
3755	1
3756	7
3757	9
3758	5
3759	4
3760	6
3761	6
3762	10
3763	8
3764	3
3765	4
3766	10
3767	6
3768	1
3769	8
3770	6
3771	8
3772	5
3773	4
3774	3
3775	7
3776	7
3777	9
3778	3
3779	5
3780	5
3781	9
3782	6
3783	6
3784	4
3785	6
3786	3
3787	7
3788	1
3789	4
3790	1
3791	7
3792	3
3793	2
3794	9
3795	9
3796	9
3797	10
3798	6
3799	4
3800	5
3801	4
3802	6
3803	7
3804	4
3805	1
3806	7
3807	9
3808	8
3809	6
3810	4
3811	3
3812	5
3813	6
3814	10
3815	3
3816	4
3817	8
3818	9
3819	6
3820	6
3821	6
3822	9
3823	1
3824	6
3825	6
3826	9
3827	6
3828	5
3829	6
3830	1
3831	7
3832	5
3833	6
3834	3
3835	5
3836	9
3837	1
3838	4
3839	4
3840	9
3841	6
3842	6
3843	10
3844	5
3845	6
3846	4
3847	5
3848	8
3849	8
3850	2
3851	1
3852	9
3853	3
3854	5
3855	5
3856	6
3857	4
3858	1
3859	1
3860	9
3861	9
3862	8
3863	1
3864	6
3865	9
3866	4
3867	5
3868	10
3869	7
3870	8
3871	6
3872	9
3873	1
3874	2
3875	1
3876	5
3877	8
3878	1
3879	2
3880	2
3881	9
3882	9
3883	2
3884	7
3885	3
3886	3
3887	7
3888	4
3889	4
3890	1
3891	6
3892	1
3893	10
3894	9
3895	7
3896	5
3897	2
3898	8
3899	9
3900	7
3901	6
3902	8
3903	10
3904	2
3905	4
3906	5
3907	10
3908	8
3909	10
3910	8
3911	3
3912	4
3913	4
3914	9
3915	7
3916	2
3917	3
3918	6
3919	6
3920	1
3921	3
3922	6
3923	8
3924	8
3925	8
3926	6
3927	1
3928	2
3929	5
3930	3
3931	6
3932	9
3933	9
3934	6
3935	10
3936	7
3937	8
3938	7
3939	6
3940	8
3941	3
3942	1
3943	5
3944	10
3945	1
3946	6
3947	10
3948	8
3949	8
3950	6
3951	9
3952	5
3953	4
3954	7
3955	1
3956	5
3957	10
3958	1
3959	5
3960	1
3961	1
3962	6
3963	10
3964	10
3965	8
3966	1
3967	9
3968	3
3969	8
3970	9
3971	9
3972	7
3973	7
3974	7
3975	9
3976	10
3977	1
3978	2
3979	10
3980	1
3981	7
3982	8
3983	6
3984	4
3985	7
3986	6
3987	6
3988	9
3989	9
3990	1
3991	7
3992	2
3993	6
3994	8
3995	4
3996	2
3997	6
3998	9
3999	7
4000	7
4001	1
4002	8
4003	2
4004	3
4005	8
4006	9
4007	6
4008	9
4009	5
4010	10
4011	5
4012	9
4013	7
4014	9
4015	4
4016	4
4017	5
4018	8
4019	9
4020	4
4021	9
4022	6
4023	2
4024	5
4025	8
4026	7
4027	10
4028	6
4029	1
4030	8
4031	7
4032	6
4033	8
4034	4
4035	8
4036	6
4037	6
4038	3
4039	8
4040	9
4041	4
4042	1
4043	6
4044	10
4045	5
4046	10
4047	9
4048	6
4049	4
4050	6
4051	4
4052	1
4053	1
4054	6
4055	9
4056	2
4057	4
4058	5
4059	8
4060	8
4061	5
4062	6
4063	1
4064	7
4065	6
4066	3
4067	8
4068	3
4069	5
4070	5
4071	1
4072	9
4073	7
4074	4
4075	5
4076	9
4077	6
4078	1
4079	5
4080	3
4081	3
4082	8
4083	6
4084	9
4085	5
4086	10
4087	5
4088	5
4089	9
4090	4
4091	9
4092	2
4093	4
4094	6
4095	10
4096	10
4097	2
4098	6
4099	6
4100	3
4101	3
4102	1
4103	6
4104	10
4105	7
4106	4
4107	5
4108	2
4109	9
4110	8
4111	4
4112	2
4113	4
4114	6
4115	6
4116	4
4117	3
4118	1
4119	2
4120	5
4121	9
4122	7
4123	3
4124	9
4125	2
4126	6
4127	5
4128	3
4129	4
4130	7
4131	9
4132	1
4133	5
4134	2
4135	3
4136	9
4137	10
4138	9
4139	1
4140	8
4141	5
4142	9
4143	6
4144	5
4145	2
4146	4
4147	2
4148	6
4149	3
4150	8
4151	7
4152	3
4153	4
4154	7
4155	7
4156	1
4157	9
4158	1
4159	1
4160	3
4161	4
4162	8
4163	9
4164	2
4165	5
4166	10
4167	5
4168	3
4169	9
4170	8
4171	8
4172	7
4173	9
4174	5
4175	9
4176	5
4177	6
4178	2
4179	10
4180	9
4181	8
4182	2
4183	9
4184	6
4185	3
4186	4
4187	5
4188	8
4189	8
4190	4
4191	4
4192	5
4193	4
4194	8
4195	4
4196	5
4197	8
4198	7
4199	7
4200	5
4201	4
4202	5
4203	10
4204	6
4205	3
4206	5
4207	3
4208	8
4209	4
4210	5
4211	4
4212	7
4213	6
4214	8
4215	10
4216	4
4217	4
4218	5
4219	5
4220	5
4221	4
4222	5
4223	4
4224	10
4225	6
4226	9
4227	5
4228	3
4229	2
4230	3
4231	4
4232	3
4233	5
4234	8
4235	6
4236	2
4237	6
4238	7
4239	4
4240	7
4241	5
4242	2
4243	5
4244	1
4245	6
4246	6
4247	1
4248	1
4249	6
4250	4
4251	5
4252	7
4253	5
4254	9
4255	6
4256	6
4257	7
4258	8
4259	7
4260	9
4261	1
4262	6
4263	1
4264	4
4265	1
4266	7
4267	3
4268	4
4269	5
4270	1
4271	1
4272	5
4273	8
4274	1
4275	4
4276	1
4277	4
4278	4
4279	4
4280	10
4281	6
4282	9
4283	6
4284	2
4285	5
4286	10
4287	8
4288	10
4289	6
4290	4
4291	3
4292	4
4293	4
4294	4
4295	7
4296	9
4297	6
4298	9
4299	5
4300	5
4301	1
4302	3
4303	9
4304	5
4305	6
4306	8
4307	7
4308	6
4309	9
4310	9
4311	5
4312	2
4313	4
4314	1
4315	5
4316	8
4317	7
4318	3
4319	6
4320	8
4321	7
4322	7
4323	2
4324	6
4325	1
4326	6
4327	9
4328	8
4329	8
4330	7
4331	10
4332	10
4333	8
4334	8
4335	2
4336	6
4337	4
4338	9
4339	3
4340	2
4341	6
4342	3
4343	5
4344	2
4345	7
4346	9
4347	10
4348	5
4349	8
4350	6
4351	9
4352	8
4353	7
4354	4
4355	8
4356	4
4357	10
4358	1
4359	6
4360	9
4361	1
4362	5
4363	7
4364	10
4365	4
4366	9
4367	5
4368	6
4369	3
4370	8
4371	7
4372	4
4373	4
4374	7
4375	3
4376	5
4377	3
4378	6
4379	8
4380	1
4381	8
4382	7
4383	7
4384	8
4385	6
4386	5
4387	6
4388	6
4389	6
4390	9
4391	8
4392	6
4393	8
4394	7
4395	10
4396	6
4397	5
4398	6
4399	6
4400	3
4401	5
4402	7
4403	9
4404	7
4405	9
4406	8
4407	1
4408	10
4409	9
4410	8
4411	4
4412	5
4413	8
4414	5
4415	6
4416	5
4417	9
4418	9
4419	6
4420	9
4421	4
4422	7
4423	1
4424	1
4425	2
4426	8
4427	4
4428	10
4429	2
4430	1
4431	6
4432	10
4433	1
4434	6
4435	10
4436	3
4437	4
4438	2
4439	9
4440	6
4441	8
4442	6
4443	4
4444	3
4445	4
4446	7
4447	3
4448	6
4449	8
4450	8
4451	8
4452	8
4453	10
4454	1
4455	5
4456	1
4457	7
4458	1
4459	6
4460	9
4461	8
4462	5
4463	3
4464	10
4465	4
4466	5
4467	4
4468	9
4469	9
4470	1
4471	9
4472	1
4473	6
4474	7
4475	3
4476	9
4477	10
4478	5
4479	6
4480	6
4481	6
4482	6
4483	9
4484	1
4485	5
4486	7
4487	5
4488	4
4489	6
4490	10
4491	10
4492	1
4493	1
4494	8
4495	7
4496	4
4497	5
4498	1
4499	10
4500	2
4501	2
4502	2
4503	6
4504	9
4505	1
4506	5
4507	4
4508	6
4509	4
4510	1
4511	9
4512	4
4513	4
4514	5
4515	6
4516	1
4517	2
4518	9
4519	7
4520	6
4521	4
4522	1
4523	6
4524	1
4525	9
4526	1
4527	6
4528	4
4529	6
4530	1
4531	10
4532	6
4533	10
4534	7
4535	9
4536	3
4537	5
4538	3
4539	5
4540	9
4541	5
4542	1
4543	6
4544	6
4545	5
4546	8
4547	4
4548	6
4549	9
4550	5
4551	9
4552	9
4553	2
4554	5
4555	5
4556	4
4557	9
4558	4
4559	7
4560	10
4561	9
4562	9
4563	6
4564	1
4565	2
4566	8
4567	4
4568	9
4569	9
4570	7
4571	3
4572	10
4573	6
4574	6
4575	4
4576	1
4577	5
4578	3
4579	2
4580	6
4581	4
4582	1
4583	4
4584	1
4585	4
4586	6
4587	9
4588	4
4589	7
4590	6
4591	9
4592	6
4593	8
4594	8
4595	7
4596	7
4597	4
4598	8
4599	1
4600	10
4601	9
4602	5
4603	6
4604	6
4605	5
4606	6
4607	8
4608	5
4609	8
4610	9
4611	8
4612	9
4613	9
4614	8
4615	5
4616	8
4617	2
4618	6
4619	6
4620	9
4621	1
4622	8
4623	4
4624	8
4625	2
4626	7
4627	7
4628	1
4629	9
4630	9
4631	6
4632	4
4633	10
4634	5
4635	3
4636	1
4637	6
4638	7
4639	6
4640	1
4641	9
4642	8
4643	6
4644	9
4645	8
4646	8
4647	9
4648	4
4649	6
4650	8
4651	8
4652	6
4653	3
4654	7
4655	8
4656	9
4657	1
4658	1
4659	4
4660	9
4661	6
4662	3
4663	3
4664	2
4665	9
4666	6
4667	7
4668	2
4669	10
4670	5
4671	8
4672	4
4673	6
4674	2
4675	10
4676	7
4677	3
4678	6
4679	3
4680	3
4681	2
4682	3
4683	6
4684	9
4685	1
4686	2
4687	4
4688	4
4689	2
4690	6
4691	5
4692	10
4693	4
4694	7
4695	6
4696	5
4697	7
4698	8
4699	3
4700	1
4701	8
4702	6
4703	10
4704	10
4705	5
4706	9
4707	6
4708	5
4709	3
4710	1
4711	5
4712	2
4713	9
4714	5
4715	2
4716	5
4717	2
4718	4
4719	6
4720	8
4721	6
4722	6
4723	9
4724	10
4725	9
4726	1
4727	7
4728	4
4729	7
4730	8
4731	6
4732	10
4733	9
4734	9
4735	6
4736	7
4737	6
4738	10
4739	8
4740	1
4741	7
4742	6
4743	8
4744	8
4745	10
4746	5
4747	6
4748	3
4749	6
4750	8
4751	9
4752	10
4753	4
4754	9
4755	4
4756	5
4757	3
4758	1
4759	3
4760	4
4761	6
4762	4
4763	6
4764	8
4765	9
4766	7
4767	8
4768	4
4769	1
4770	4
4771	4
4772	5
4773	1
4774	10
4775	7
4776	6
4777	7
4778	6
4779	7
4780	1
4781	8
4782	6
4783	7
4784	4
4785	2
4786	1
4787	1
4788	8
4789	8
4790	5
4791	9
4792	4
4793	9
4794	1
4795	5
4796	4
4797	9
4798	4
4799	6
4800	5
4801	5
4802	6
4803	10
4804	9
4805	8
4806	2
4807	1
4808	8
4809	5
4810	9
4811	2
4812	3
4813	7
4814	3
4815	5
4816	9
4817	6
4818	6
4819	7
4820	5
4821	7
4822	10
4823	5
4824	6
4825	6
4826	8
4827	9
4828	10
4829	8
4830	9
4831	5
4832	4
4833	3
4834	8
4835	8
4836	1
4837	8
4838	4
4839	4
4840	5
4841	8
4842	7
4843	4
4844	9
4845	4
4846	6
4847	9
4848	3
4849	5
4850	1
4851	1
4852	5
4853	7
4854	2
4855	3
4856	8
4857	9
4858	6
4859	4
4860	5
4861	9
4862	9
4863	7
4864	1
4865	5
4866	10
4867	10
4868	3
4869	8
4870	6
4871	7
4872	4
4873	8
4874	4
4875	4
4876	9
4877	6
4878	7
4879	9
4880	5
4881	3
4882	9
4883	9
4884	10
4885	1
4886	7
4887	8
4888	1
4889	1
4890	6
4891	10
4892	3
4893	6
4894	6
4895	1
4896	1
4897	9
4898	5
4899	3
4900	6
4901	4
4902	5
4903	9
4904	1
4905	6
4906	9
4907	8
4908	3
4909	8
4910	1
4911	4
4912	10
4913	5
4914	10
4915	6
4916	7
4917	9
4918	2
4919	8
4920	8
4921	6
4922	10
4923	2
4924	2
4925	8
4926	1
4927	1
4928	8
4929	6
4930	5
4931	8
4932	10
4933	4
4934	6
4935	4
4936	9
4937	6
4938	6
4939	3
4940	1
4941	6
4942	10
4943	2
4944	4
4945	7
4946	5
4947	8
4948	1
4949	10
4950	6
4951	9
4952	8
4953	4
4954	9
4955	6
4956	6
4957	4
4958	7
4959	4
4960	10
4961	6
4962	8
4963	5
4964	2
4965	4
4966	5
4967	6
4968	10
4969	4
4970	1
4971	1
4972	5
4973	8
4974	5
4975	4
4976	1
4977	4
4978	2
4979	5
4980	4
4981	6
4982	4
4983	6
4984	4
4985	4
4986	8
4987	5
4988	6
4989	2
4990	7
4991	1
4992	8
4993	2
4994	6
4995	7
4996	6
4997	1
4998	3
4999	5
5000	4
5001	10
5002	6
5003	9
5004	5
5005	6
5006	1
5007	9
5008	6
5009	1
5010	1
5011	1
5012	7
5013	6
5014	10
5015	6
5016	1
5017	10
5018	10
5019	6
5020	6
5021	6
5022	6
5023	7
5024	6
5025	9
5026	7
5027	6
5028	2
5029	7
5030	5
5031	10
5032	9
5033	2
5034	9
5035	7
5036	2
5037	6
5038	6
5039	7
5040	8
5041	10
5042	3
5043	4
5044	2
5045	7
5046	6
5047	9
5048	3
5049	1
5050	5
5051	4
5052	7
5053	9
5054	5
5055	1
5056	6
5057	4
5058	2
5059	8
5060	8
5061	2
5062	1
5063	10
5064	9
5065	10
5066	7
5067	5
5068	5
5069	4
5070	3
5071	7
5072	9
5073	2
5074	5
5075	8
5076	4
5077	4
5078	7
5079	5
5080	6
5081	4
5082	4
5083	4
5084	4
5085	2
5086	9
5087	6
5088	5
5089	3
5090	8
5091	4
5092	8
5093	3
5094	9
5095	7
5096	6
5097	9
5098	4
5099	3
5100	8
5101	9
5102	9
5103	9
5104	7
5105	7
5106	9
5107	9
5108	9
5109	8
5110	5
5111	9
5112	6
5113	1
5114	3
5115	7
5116	2
5117	1
5118	6
5119	7
5120	8
5121	10
5122	6
5123	4
5124	8
5125	9
5126	2
5127	8
5128	9
5129	5
5130	8
5131	9
5132	3
5133	4
5134	3
5135	5
5136	7
5137	10
5138	5
5139	7
5140	1
5141	9
5142	4
5143	4
5144	3
5145	9
5146	10
5147	1
5148	5
5149	10
5150	1
5151	5
5152	6
5153	8
5154	9
5155	9
5156	5
5157	7
5158	8
5159	8
5160	10
5161	5
5162	4
5163	10
5164	5
5165	9
5166	1
5167	8
5168	8
5169	5
5170	3
5171	8
5172	6
5173	1
5174	4
5175	7
5176	1
5177	1
5178	7
5179	9
5180	1
5181	8
5182	6
5183	4
5184	9
5185	7
5186	6
5187	8
5188	2
5189	4
5190	5
5191	9
5192	3
5193	5
5194	4
5195	3
5196	2
5197	6
5198	1
5199	8
5200	1
5201	5
5202	10
5203	4
5204	10
5205	1
5206	7
5207	5
5208	9
5209	2
5210	6
5211	9
5212	8
5213	5
5214	9
5215	6
5216	5
5217	1
5218	2
5219	7
5220	3
5221	8
5222	4
5223	5
5224	5
5225	9
5226	4
5227	4
5228	8
5229	9
5230	8
5231	8
5232	7
5233	6
5234	6
5235	4
5236	3
5237	6
5238	5
5239	5
5240	8
5241	1
5242	5
5243	3
5244	8
5245	9
5246	8
5247	10
5248	4
5249	9
5250	9
5251	4
5252	4
5253	4
5254	6
5255	1
5256	4
5257	5
5258	10
5259	9
5260	1
5261	6
5262	9
5263	3
5264	9
5265	9
5266	5
5267	9
5268	9
5269	5
5270	6
5271	9
5272	8
5273	6
5274	2
5275	3
5276	6
5277	6
5278	8
5279	5
5280	5
5281	1
5282	9
5283	9
5284	5
5285	1
5286	6
5287	1
5288	2
5289	6
5290	9
5291	3
5292	4
5293	9
5294	2
5295	10
5296	2
5297	6
5298	5
5299	3
5300	8
5301	4
5302	1
5303	6
5304	9
5305	8
5306	3
5307	2
5308	4
5309	4
5310	6
5311	8
5312	7
5313	9
5314	6
5315	6
5316	1
5317	9
5318	6
5319	6
5320	2
5321	6
5322	10
5323	4
5324	5
5325	8
5326	1
5327	10
5328	6
5329	9
5330	2
5331	9
5332	5
5333	4
5334	9
5335	10
5336	2
5337	7
5338	1
5339	7
5340	6
5341	5
5342	6
5343	1
5344	9
5345	7
5346	6
5347	9
5348	3
5349	9
5350	10
5351	4
5352	4
5353	4
5354	2
5355	4
5356	8
5357	5
5358	4
5359	8
5360	6
5361	5
5362	6
5363	8
5364	6
5365	2
5366	3
5367	5
5368	9
5369	5
5370	9
5371	8
5372	4
5373	6
5374	6
5375	7
5376	6
5377	3
5378	6
5379	4
5380	5
5381	1
5382	4
5383	1
5384	9
5385	9
5386	9
5387	10
5388	6
5389	2
5390	8
5391	4
5392	5
5393	6
5394	8
5395	6
5396	1
5397	3
5398	6
5399	2
5400	7
5401	7
5402	6
5403	9
5404	4
5405	8
5406	6
5407	6
5408	4
5409	9
5410	3
5411	6
5412	9
5413	8
5414	7
5415	6
5416	7
5417	6
5418	1
5419	1
5420	10
5421	6
5422	10
5423	5
5424	1
5425	10
5426	9
5427	4
5428	9
5429	2
5430	10
5431	1
5432	2
5433	1
5434	9
5435	6
5436	7
5437	6
5438	4
5439	2
5440	9
5441	4
5442	7
5443	7
5444	9
5445	8
5446	8
5447	6
5448	3
5449	7
5450	3
5451	8
5452	9
5453	4
5454	10
5455	1
5456	7
5457	2
5458	8
5459	8
5460	6
5461	2
5462	4
5463	2
5464	5
5465	6
5466	6
5467	4
5468	1
5469	7
5470	4
5471	6
5472	4
5473	2
5474	3
5475	7
5476	8
5477	1
5478	4
5479	6
5480	10
5481	1
5482	8
5483	5
5484	7
5485	6
5486	5
5487	6
5488	7
5489	1
5490	7
5491	4
5492	8
5493	4
5494	4
5495	6
5496	3
5497	8
5498	3
5499	5
5500	4
5501	4
5502	5
5503	1
5504	7
5505	8
5506	1
5507	8
5508	8
5509	7
5510	1
5511	4
5512	9
5513	8
5514	5
5515	6
5516	8
5517	8
5518	8
5519	8
5520	4
5521	3
5522	10
5523	6
5524	9
5525	9
5526	6
5527	7
5528	6
5529	2
5530	1
5531	8
5532	7
5533	8
5534	4
5535	3
5536	9
5537	6
5538	7
5539	4
5540	5
5541	8
5542	8
5543	5
5544	4
5545	9
5546	3
5547	2
5548	6
5549	9
5550	10
5551	5
5552	8
5553	7
5554	7
5555	6
5556	9
5557	10
5558	6
5559	5
5560	9
5561	7
5562	1
5563	3
5564	8
5565	1
5566	10
5567	3
5568	8
5569	6
5570	7
5571	5
5572	7
5573	1
5574	9
5575	1
5576	10
5577	8
5578	6
5579	1
5580	7
5581	5
5582	5
5583	5
5584	9
5585	8
5586	1
5587	9
5588	8
5589	4
5590	1
5591	2
5592	10
5593	8
5594	9
5595	9
5596	8
5597	3
5598	9
5599	6
5600	1
5601	8
5602	5
5603	1
5604	7
5605	8
5606	1
5607	10
5608	9
5609	9
5610	2
5611	5
5612	1
5613	4
5614	5
5615	6
5616	1
5617	1
5618	6
5619	7
5620	10
5621	1
5622	6
5623	9
5624	5
5625	8
5626	1
5627	9
5628	8
5629	5
5630	9
5631	1
5632	8
5633	7
5634	5
5635	10
5636	5
5637	6
5638	1
5639	10
5640	4
5641	9
5642	3
5643	10
5644	8
5645	8
5646	3
5647	7
5648	9
5649	5
5650	2
5651	3
5652	1
5653	6
5654	5
5655	1
5656	7
5657	1
5658	9
5659	1
5660	9
5661	6
5662	6
5663	8
5664	10
5665	7
5666	6
5667	10
5668	8
5669	4
5670	9
5671	9
5672	1
5673	10
5674	2
5675	7
5676	4
5677	6
5678	10
5679	6
5680	6
5681	6
5682	7
5683	1
5684	6
5685	4
5686	1
5687	7
5688	1
5689	4
5690	7
5691	1
5692	8
5693	8
5694	1
5695	1
5696	6
5697	5
5698	8
5699	6
5700	9
5701	9
5702	2
5703	6
5704	3
5705	1
5706	4
5707	4
5708	8
5709	7
5710	6
5711	6
5712	4
5713	8
5714	5
5715	6
5716	10
5717	9
5718	7
5719	6
5720	8
5721	6
5722	1
5723	9
5724	3
5725	8
5726	4
5727	6
5728	4
5729	8
5730	9
5731	5
5732	10
5733	5
5734	6
5735	7
5736	5
5737	5
5738	3
5739	7
5740	9
5741	3
5742	2
5743	8
5744	8
5745	2
5746	8
5747	9
5748	4
5749	3
5750	4
5751	8
5752	6
5753	10
5754	8
5755	1
5756	6
5757	2
5758	6
5759	4
5760	3
5761	3
5762	9
5763	1
5764	9
5765	9
5766	10
5767	3
5768	4
5769	10
5770	5
5771	9
5772	9
5773	2
5774	2
5775	5
5776	5
5777	6
5778	5
5779	1
5780	9
5781	8
5782	1
5783	6
5784	7
5785	2
5786	3
5787	5
5788	7
5789	6
5790	7
5791	10
5792	9
5793	1
5794	6
5795	4
5796	2
5797	10
5798	3
5799	3
5800	4
5801	6
5802	9
5803	3
5804	10
5805	8
5806	6
5807	9
5808	6
5809	4
5810	8
5811	6
5812	7
5813	1
5814	1
5815	4
5816	1
5817	6
5818	10
5819	3
5820	5
5821	4
5822	6
5823	7
5824	8
5825	10
5826	8
5827	6
5828	8
5829	4
5830	4
5831	9
5832	1
5833	5
5834	1
5835	9
5836	9
5837	8
5838	7
5839	5
5840	9
5841	7
5842	10
5843	8
5844	5
5845	8
5846	9
5847	7
5848	2
5849	8
5850	6
5851	5
5852	6
5853	6
5854	8
5855	9
5856	7
5857	4
5858	9
5859	6
5860	6
5861	2
5862	9
5863	8
5864	1
5865	9
5866	4
5867	10
5868	5
5869	8
5870	9
5871	4
5872	7
5873	1
5874	8
5875	6
5876	5
5877	9
5878	6
5879	4
5880	3
5881	6
5882	8
5883	8
5884	7
5885	6
5886	1
5887	1
5888	1
5889	9
5890	6
5891	4
5892	2
5893	6
5894	4
5895	6
5896	9
5897	9
5898	1
5899	4
5900	8
5901	3
5902	6
5903	3
5904	9
5905	8
5906	9
5907	5
5908	10
5909	9
5910	9
5911	6
5912	6
5913	6
5914	4
5915	6
5916	1
5917	7
5918	5
5919	8
5920	5
5921	3
5922	8
5923	6
5924	3
5925	7
5926	4
5927	8
5928	1
5929	9
5930	8
5931	8
5932	6
5933	2
5934	9
5935	6
5936	8
5937	9
5938	7
5939	5
5940	9
5941	8
5942	5
5943	7
5944	6
5945	4
5946	10
5947	1
5948	6
5949	6
5950	3
5951	1
5952	8
5953	6
5954	9
5955	9
5956	5
5957	4
5958	9
5959	8
5960	3
5961	8
5962	7
5963	7
5964	1
5965	9
5966	10
5967	10
5968	4
5969	2
5970	4
5971	4
5972	8
5973	6
5974	10
5975	10
5976	6
5977	3
5978	1
5979	7
5980	6
5981	9
5982	4
5983	9
5984	8
5985	4
5986	4
5987	8
5988	1
5989	7
5990	5
5991	6
5992	1
5993	9
5994	4
5995	9
5996	7
5997	8
5998	4
5999	4
6000	7
6001	6
6002	6
6003	5
6004	5
6005	6
6006	8
6007	1
6008	6
6009	2
6010	2
6011	6
6012	4
6013	9
6014	9
6015	6
6016	3
6017	8
6018	3
6019	3
6020	3
6021	5
6022	4
6023	8
6024	8
6025	10
6026	7
6027	4
6028	7
6029	9
6030	6
6031	2
6032	10
6033	1
6034	8
6035	2
6036	3
6037	7
6038	5
6039	9
6040	5
6041	7
6042	10
6043	9
6044	8
6045	8
6046	9
6047	5
6048	1
6049	7
6050	6
6051	8
6052	6
6053	5
6054	2
6055	9
6056	6
6057	5
6058	10
6059	8
6060	1
6061	10
6062	3
6063	1
6064	7
6065	6
6066	6
6067	2
6068	1
6069	7
6070	10
6071	5
6072	5
6073	1
6074	4
6075	3
6076	8
6077	9
6078	7
6079	8
6080	5
6081	4
6082	7
6083	8
6084	6
6085	8
6086	6
6087	3
6088	2
6089	8
6090	7
6091	3
6092	6
6093	8
6094	6
6095	8
6096	1
6097	8
6098	2
6099	6
6100	3
6101	4
6102	2
6103	9
6104	8
6105	5
6106	10
6107	4
6108	3
6109	9
6110	6
6111	7
6112	7
6113	2
6114	6
6115	3
6116	1
6117	1
6118	10
6119	3
6120	5
6121	6
6122	4
6123	6
6124	2
6125	7
6126	1
6127	7
6128	3
6129	9
6130	9
6131	1
6132	4
6133	5
6134	9
6135	3
6136	9
6137	9
6138	7
6139	9
6140	5
6141	4
6142	6
6143	6
6144	9
6145	4
6146	4
6147	9
6148	8
6149	1
6150	1
6151	1
6152	6
6153	2
6154	5
6155	8
6156	2
6157	4
6158	10
6159	4
6160	7
6161	8
6162	1
6163	6
6164	2
6165	6
6166	8
6167	7
6168	9
6169	10
6170	5
6171	6
6172	10
6173	3
6174	10
6175	6
6176	4
6177	4
6178	5
6179	10
6180	9
6181	6
6182	4
6183	5
6184	10
6185	7
6186	5
6187	6
6188	2
6189	10
6190	1
6191	4
6192	4
6193	1
6194	7
6195	9
6196	5
6197	4
6198	8
6199	9
6200	4
6201	9
6202	8
6203	10
6204	10
6205	10
6206	5
6207	5
6208	4
6209	8
6210	6
6211	8
6212	9
6213	7
6214	6
6215	3
6216	8
6217	1
6218	2
6219	5
6220	9
6221	10
6222	1
6223	8
6224	3
6225	6
6226	5
6227	1
6228	6
6229	4
6230	4
6231	4
6232	5
6233	8
6234	1
6235	2
6236	1
6237	6
6238	3
6239	9
6240	1
6241	3
6242	3
6243	6
6244	1
6245	7
6246	2
6247	6
6248	1
6249	7
6250	10
6251	8
6252	10
6253	3
6254	1
6255	6
6256	9
6257	2
6258	8
6259	7
6260	8
6261	3
6262	2
6263	9
6264	4
6265	3
6266	1
6267	8
6268	7
6269	9
6270	7
6271	8
6272	6
6273	7
6274	8
6275	7
6276	3
6277	1
6278	6
6279	1
6280	7
6281	6
6282	1
6283	1
6284	6
6285	9
6286	1
6287	9
6288	7
6289	10
6290	6
6291	5
6292	1
6293	6
6294	1
6295	1
6296	10
6297	10
6298	5
6299	10
6300	3
6301	1
6302	9
6303	7
6304	4
6305	6
6306	9
6307	7
6308	8
6309	1
6310	9
6311	3
6312	3
6313	6
6314	8
6315	1
6316	2
6317	3
6318	1
6319	6
6320	7
6321	6
6322	6
6323	3
6324	6
6325	7
6326	8
6327	4
6328	5
6329	6
6330	6
6331	6
6332	5
6333	9
6334	6
6335	9
6336	3
6337	3
6338	5
6339	8
6340	4
6341	8
6342	3
6343	6
6344	7
6345	5
6346	4
6347	8
6348	10
6349	1
6350	1
6351	4
6352	5
6353	1
6354	4
6355	4
6356	6
6357	1
6358	1
6359	10
6360	1
6361	9
6362	7
6363	4
6364	1
6365	10
6366	7
6367	6
6368	4
6369	3
6370	8
6371	10
6372	6
6373	5
6374	2
6375	3
6376	3
6377	4
6378	9
6379	10
6380	6
6381	10
6382	10
6383	3
6384	2
6385	1
6386	7
6387	8
6388	9
6389	5
6390	9
6391	10
6392	5
6393	6
6394	6
6395	1
6396	5
6397	8
6398	5
6399	5
6400	5
6401	5
6402	5
6403	1
6404	2
6405	8
6406	8
6407	8
6408	5
6409	9
6410	6
6411	1
6412	7
6413	2
6414	8
6415	4
6416	9
6417	10
6418	4
6419	7
6420	5
6421	1
6422	5
6423	7
6424	9
6425	5
6426	7
6427	5
6428	7
6429	6
6430	6
6431	8
6432	2
6433	1
6434	5
6435	6
6436	5
6437	1
6438	3
6439	1
6440	1
6441	3
6442	7
6443	3
6444	4
6445	9
6446	8
6447	5
6448	8
6449	4
6450	8
6451	8
6452	9
6453	9
6454	2
6455	6
6456	10
6457	5
6458	6
6459	7
6460	5
6461	7
6462	1
6463	4
6464	4
6465	7
6466	1
6467	1
6468	9
6469	9
6470	8
6471	9
6472	8
6473	9
6474	6
6475	2
6476	7
6477	8
6478	6
6479	6
6480	9
6481	5
6482	9
6483	6
6484	9
6485	4
6486	3
6487	2
6488	1
6489	2
6490	5
6491	7
6492	2
6493	6
6494	7
6495	5
6496	8
6497	4
6498	10
6499	5
6500	6
6501	9
6502	1
6503	2
6504	5
6505	4
6506	7
6507	6
6508	7
6509	9
6510	8
6511	2
6512	8
6513	8
6514	9
6515	6
6516	8
6517	5
6518	9
6519	4
6520	2
6521	9
6522	2
6523	2
6524	8
6525	9
6526	3
6527	9
6528	5
6529	3
6530	7
6531	10
6532	1
6533	1
6534	3
6535	6
6536	6
6537	9
6538	1
6539	2
6540	8
6541	8
6542	4

STATISTICS

Number of objects = 6542
Number of clusters = 10

List of clusters:
clid	size
1	728
2	340
3	482
4	668
5	710
6	1073
7	561
8	760
9	827
10	393
