Kelley Indexes for All Cluster Levels

level	index
1	685,0000
2	293,6385
3	185,5252
4	138,2679
5	106,0836
6	87,5742
7	74,1642
8	65,1903
9	58,5415
10	53,9884
11	51,0243
12	47,6853
13	45,2115
14	43,4574
15	42,0984
16	41,1003
17	40,1616
18	39,6872
19	39,2746
20	38,9795
21	38,8711
22	38,8217
23	38,8632
24	39,0471
25	39,3083
26	39,7282
27	40,0998
28	40,5491
29	41,0376
30	41,5680
31	42,1046
32	42,7125
33	43,3162
34	43,9385
35	44,5548
36	45,2547
37	45,9205
38	46,6367
39	47,3868
40	48,1284
41	48,8825
42	49,6521
43	50,4297
44	51,2334
45	52,0251
46	52,8546
47	53,6826
48	54,5190
49	55,3741
50	56,2146
51	57,0568
52	57,9097
53	58,7772
54	59,6633
55	60,5532
56	61,4432
57	62,3439
58	63,2331
59	64,1336
60	65,0465
61	65,9539
62	66,8645
63	67,7791
64	68,6901
65	69,6083
66	70,5255
67	71,4439
68	72,3662
69	73,3024
70	74,2306
71	75,1654
72	76,1038
73	77,0414
74	77,9785
75	78,9203
76	79,8670
77	80,8136
78	81,7610
79	82,7062
80	83,6543
81	84,6043
82	85,5567
83	86,5122
84	87,4663
85	88,4202
86	89,3786
87	90,3363
88	91,2970
89	92,2588
90	93,2177
91	94,1808
92	95,1413
93	96,1053
94	97,0713
95	98,0378
96	99,0053
97	99,9737
98	100,9428
99	101,9146
100	102,8851
101	103,8573
102	104,8310
103	105,8011
104	106,7732
105	107,7475
106	108,7215
107	109,6947
108	110,6704
109	111,6449
110	112,6195
111	113,5966
112	114,5743
113	115,5507
114	116,5272
115	117,5048
116	118,4827
117	119,4615
118	120,4418
119	121,4232
120	122,4269
121	123,4074
122	124,3888
123	125,3703
124	126,3535
125	127,3360
126	128,3188
127	129,3030
128	130,2862
129	131,2701
130	132,2543
131	133,2385
132	134,2233
133	135,2075
134	136,1923
135	137,1769
136	138,1621
137	139,1481
138	140,1352
139	141,1215
140	142,1070
141	143,0938
142	144,0813
143	145,0690
144	146,0559
145	147,0429
146	148,0309
147	149,0191
148	150,0152
149	151,0020
150	151,9909
151	152,9789
152	153,9678
153	154,9570
154	155,9538
155	156,9426
156	157,9325
157	158,9294
158	159,9188
159	160,9095
160	161,8990
161	162,8957
162	163,8857
163	164,8770
164	165,8669
165	166,8573
166	167,8480
167	168,8400
168	169,8313
169	170,8323
170	171,8235
171	172,8145
172	173,8056
173	174,7972
174	175,7886
175	176,7805
176	177,7724
177	178,7640
178	179,7559
179	180,7477
180	181,7401
181	182,7326
182	183,7293
183	184,7261
184	185,7200
185	186,7126
186	187,7131
187	188,7058
188	189,7062
189	190,6987
190	191,6916
191	192,6845
192	193,6777
193	194,6712
194	195,6651
195	196,6585
196	197,6588
197	198,6523
198	199,6461
199	200,6398
200	201,6374
201	202,6351
202	203,6287
203	204,6220
204	205,6157
205	206,6101
206	207,6046
207	208,5991
208	209,5930
209	210,5872
210	211,5815
211	212,5759
212	213,5701
213	214,5643
214	215,5587
215	216,5534
216	217,5480
217	218,5426
218	219,5374
219	220,5322
220	221,5269
221	222,5269
222	223,5248
223	224,5229
224	225,5180
225	226,5127
226	227,5079
227	228,5078
228	229,5077
229	230,5059
230	231,5008
231	232,4958
232	233,4957
233	234,4910
234	235,4866
235	236,4847
236	237,4826
237	238,4826
238	239,4825
239	240,4779
240	241,4763
241	242,4719
242	243,4718
243	244,4669
244	245,4669
245	246,4625
246	247,4581
247	248,4581
248	249,4536
249	250,4536
250	251,4492
251	252,4448
252	253,4407
253	254,4365
254	255,4325
255	256,4324
256	257,4284
257	258,4247
258	259,4207
259	260,4190
260	261,4148
261	262,4147
262	263,4109
263	264,4109
264	265,4093
265	266,4055
266	267,4019
267	268,4005
268	269,3991
269	270,3974
270	271,3936
271	272,3899
272	273,3863
273	274,3827
274	275,3816
275	276,3780
276	277,3745
277	278,3730
278	279,3729
279	280,3695
280	281,3661
281	282,3660
282	283,3659
283	284,3649
284	285,3633
285	286,3600
286	287,3599
287	288,3598
288	289,3562
289	290,3561
290	291,3560
291	292,3529
292	293,3495
293	294,3463
294	295,3431
295	296,3430
296	297,3429
297	298,3427
298	299,3394
299	300,3360
300	301,3329
301	302,3296
302	303,3265
303	304,3263
304	305,3261
305	306,3260
306	307,3258
307	308,3228
308	309,3226
309	310,3195
310	311,3165
311	312,3152
312	313,3122
313	314,3109
314	315,3080
315	316,3078
316	317,3048
317	318,3046
318	319,3017
319	320,3006
320	321,2994
321	322,2982
322	323,2971
323	324,2960
324	325,2932
325	326,2903
326	327,2894
327	328,2867
328	329,2864
329	330,2837
330	331,2825
331	332,2823
332	333,2811
333	334,2809
334	335,2807
335	336,2780
336	337,2768
337	338,2760
338	339,2733
339	340,2707
340	341,2704
341	342,2693
342	343,2681
343	344,2669
344	345,2667
345	346,2665
346	347,2654
347	348,2643
348	349,2617
349	350,2592
350	351,2589
351	352,2587
352	353,2575
353	354,2564
354	355,2552
355	356,2526
356	357,2501
357	358,2476
358	359,2474
359	360,2463
360	361,2439
361	362,2437
362	363,2411
363	364,2408
364	365,2406
365	366,2381
366	367,2379
367	368,2376
368	369,2351
369	370,2349
370	371,2327
371	372,2316
372	373,2314
373	374,2311
374	375,2301
375	376,2292
376	377,2289
377	378,2265
378	379,2263
379	380,2260
380	381,2258
381	382,2248
382	383,2237
383	384,2228
384	385,2219
385	386,2209
386	387,2206
387	388,2204
388	389,2202
389	390,2192
390	391,2169
391	392,2146
392	393,2123
393	394,2120
394	395,2118
395	396,2095
396	397,2085
397	398,2076
398	399,2065
399	400,2042
400	401,2040
401	402,2037
402	403,2028
403	404,2006
404	405,2003
405	406,2000
406	407,1978
407	408,1968
408	409,1965
409	410,1963
410	411,1953
411	412,1944
412	413,1941
413	414,1938
414	415,1916
415	416,1895
416	417,1873
417	418,1851
418	419,1841
419	420,1831
420	421,1828
421	422,1825
422	423,1816
423	424,1795
424	425,1792
425	426,1789
426	427,1786
427	428,1765
428	429,1745
429	430,1734
430	431,1725
431	432,1717
432	433,1714
433	434,1711
434	435,1708
435	436,1688
436	437,1667
437	438,1664
438	439,1661
439	440,1653
440	441,1644
441	442,1641
442	443,1620
443	444,1617
444	445,1614
445	446,1606
446	447,1598
447	448,1595
448	449,1591
449	450,1572
450	451,1569
451	452,1566
452	453,1562
453	454,1559
454	455,1550
455	456,1547
456	457,1544
457	458,1524
458	459,1521
459	460,1512
460	461,1509
461	462,1506
462	463,1503
463	464,1500
464	465,1490
465	466,1487
466	467,1485
467	468,1482
468	469,1479
469	470,1476
470	471,1473
471	472,1470
472	473,1468
473	474,1465
474	475,1462
475	476,1459
476	477,1456
477	478,1453
478	479,1451
479	480,1447
480	481,1445
481	482,1442
482	483,1433
483	484,1425
484	485,1422
485	486,1419
486	487,1416
487	488,1413
488	489,1404
489	490,1401
490	491,1398
491	492,1389
492	493,1380
493	494,1377
494	495,1375
495	496,1371
496	497,1369
497	498,1366
498	499,1363
499	500,1360
500	501,1357
501	502,1354
502	503,1352
503	504,1349
504	505,1346
505	506,1343
506	507,1340
507	508,1338
508	509,1335
509	510,1332
510	511,1329
511	512,1326
512	513,1323
513	514,1320
514	515,1298
515	516,1295
516	517,1292
517	518,1289
518	519,1287
519	520,1276
520	521,1274
521	522,1271
522	523,1268
523	524,1266
524	525,1263
525	526,1260
526	527,1251
527	528,1248
528	529,1237
529	530,1234
530	531,1230
531	532,1227
532	533,1224
533	534,1222
534	535,1219
535	536,1216
536	537,1214
537	538,1211
538	539,1208
539	540,1205
540	541,1202
541	542,1199
542	543,1196
543	544,1194
544	545,1191
545	546,1188
546	547,1186
547	548,1183
548	549,1180
549	550,1178
550	551,1175
551	552,1172
552	553,1169
553	554,1166
554	555,1163
555	556,1160
556	557,1149
557	558,1138
558	559,1127
559	560,1114
560	561,1111
561	562,1108
562	563,1105
563	564,1102
564	565,1099
565	566,1096
566	567,1093
567	568,1090
568	569,1086
569	570,1083
570	571,1080
571	572,1068
572	573,1064
573	574,1062
574	575,1059
575	576,1056
576	577,1053
577	578,1050
578	579,1046
579	580,1043
580	581,1031
581	582,1028
582	583,1026
583	584,1023
584	585,1021
585	586,1017
586	587,1014
587	588,1011
588	589,1008
589	590,1005
590	591,0994
591	592,0991
592	593,0989
593	594,0986
594	595,0984
595	596,0981
596	597,0979
597	598,0977
598	599,0974
599	600,0970
600	601,0968
601	602,0965
602	603,0962
603	604,0959
604	605,0956
605	606,0952
606	607,0949
607	608,0945
608	609,0942
609	610,0938
610	611,0923
611	612,0905
612	613,0889
613	614,0886
614	615,0883
615	616,0880
616	617,0876
617	618,0873
618	619,0869
619	620,0865
620	621,0861
621	622,0857
622	623,0853
623	624,0849
624	625,0844
625	626,0840
626	627,0835
627	628,0830
628	629,0811
629	630,0807
630	631,0803
631	632,0800
632	633,0795
633	634,0791
634	635,0786
635	636,0782
636	637,0777
637	638,0771
638	639,0767
639	640,0761
640	641,0755
641	642,0749
642	643,0743
643	644,0736
644	645,0729
645	646,0706
646	647,0701
647	648,0695
648	649,0690
649	650,0684
650	651,0677
651	652,0670
652	653,0662
653	654,0654
654	655,0646
655	656,0641
656	657,0635
657	658,0629
658	659,0623
659	660,0615
660	661,0608
661	662,0599
662	663,0591
663	664,0581
664	665,0576
665	666,0571
666	667,0565
667	668,0557
668	669,0550
669	670,0541
670	671,0532
671	672,0521
672	673,0508
673	674,0493
674	675,0475
675	676,0468
676	677,0458
677	678,0446
678	679,0430
679	680,0409
680	681,0379
681	682,0335
682	683,0262
683	684,0115
684	685,0000

Optimal number of clusters: 22

